0000000000000000000000000000000000011111111111111111111100000000000000000000000000000000000
0000000000000000000000000000000000011111111111111111111100000000000000000000000000000000000
0000000000000000000000000000001111100000000000000000000011111000000000000000000000000000000
0000000000000000000000000001111000000000000000000000000000001110000000000000000000000000000
0000000000000000000000000001110000000000000000000000000000000111000000000000000000000000000
0000000000000000000000000110000000000000000000000000000000000000110000000000000000000000000
0000000000000000000000000110000000000000000000000000000000000000110000000000000000000000000
0000000000000000000000001000000000000000000000000000000000000000001000000000000000000000000
0000000000000000000000110000000000000000000000000000000000000000000110000000000000000000000
0000000000000000000000110000000000000000000000000000000000000000000110000000000000000000000
0000000000000000000011000000000000000000000000000000000000000000000001100000000000000000000
0000000000000000000011000000000000000000000000000000000000000000000001100000000000000000000
0000000000000000000011000000000000000000000000000000000000000000000001100000000000000000000
0000000000000000000011000000000000000000000000000000000000000000000001100000000000000000000
0000000000000000000100000000000000000000000000000000000000000000000000010000000000000000000
0000000000000000000100000000000000000000000000000000000000000000000000010000000000000000000
0000000000000000000100000000000000000000000000000000000000000000000000010000000000000000000
0000000000000000000100000000011111111110000000000000111111111100000000010000000000000000000
0000000000000000000100000000011111111110000000000000111111111110000000010000000000000000000
0000000000000000000100000111111111111111000000000001111111111111110000010000000000000000000
0000000000000000000100001111111111111111000000000001111111111111111000010000000000000000000
0000000000000000000100001111111111111111000000000001111111111111111000010000000000000000000
0000000000000000000100001111111100011111000000000001111100011111111000010000000000000000000
0000000000000000000100001111111100011111000000000001111100011111111000010000000000000000000
0000000000000000000100001111111100011111000000000001111100011111111000010000000000000000000
0000000000000000000011000111111111111110000011100000111111111111110001100000000000000000000
0000000000000000000011000111111111111110000011100000111111111111110001100000000000000000000
0000000000000000000011000000011111111110000011100000111111111100000001100000000000000000000
0000000000000000000011000000011111111110000011100000111111111100000001100000000000000000000
0000000000000000000000110000000000011000001111111000001100000000000110000000000000000000000
0000000000000000000000110000000011100000001111111000000011100000000110000000000000000000000
0000000000000000000000110000000011100000001111111000000011100000000110000000000000000000000
0000000000000000000011000000010000000000001111111000000000000100000001100000000000000000000
0000000000000000000011000000011000000000001111111000000000000100000001100000000000000000000
0000000000000000000011000000011100000000000000000000000000000111000001100000000000000000000
0000000000000000000011000011111011100000000000000000000000111111100001100000000000000000000
0000000000000000000011000111110011100000000000000000000001111111110001100000000000000000000
0000000000000000000011000000010011011111111111111111111110011100000001111111000000000000000
0000000000000000000011000000010011011111111111111111111110011100000001111111000000000000000
0000000000000001111111110000001111000001000010000001000010011000000111100000100000000000000
0000000000000001111111110000000111000001000010000001000011010000000111000000100000000000000
0000000000000010000011110000000011100001000010000001000011100000000110000000011000000000000
0000000000001100000000111000000000011111000010000001001111000000001000000011110000000000000
0000000000001100000000111000000000011111100011000011001110000000001000000011100000000000000
0000000000001100000000001110000000000001111111111111110000000000110000001111011000000000000
0000000000001100000000001110000000000001111111111111110000000000110000001111011000000000000
0000000000110011111000000001110000000000000000000000000000000111110000011111100110000000000
0000000000001111111111100000011111100000000000000000000011111111000001111111100001000000000
0000000000001111111111110000011111100000000000000000000011111111000001111111100001100000000
0000000000111111111111111000001111111111111111111111111111111000000111111111111000010000000
0000000000111111111111111100000111111111111111111111111111110000000111111111111000010000000
0000000011001111111111111111100000111110000000000001111111100000001111110011111110010000000
0000000100111111111011111111110000000111000000000111110000000111111111101111111111101000000
0000000100111111111011111111110000000111000000000111110000000111111111101111111111101100000
0000011011111111111011111111110011100001110000000110000001111111111111101111111111100010000
0000011011111111111011111111110011100011110000000110000001111111111111101111111111100010000
0000100111111111111011111111110011100111111111111111001101111111111111101111111111110001100
0000100111111111111011111111110011100111100000011111001101111111111110001111111111111101100
0000100111111111111011111111110011100111000000011111001101111111111110001111111111111101100
0011011111111111111011111111110000000111000000000110000001111111111000001111111111111100011
0011011111111111111011111111110000000111000000000110000001111111111000001111111111111100011
0011011111111111111000110000000011100111000000000110001101111111000001101111111111111100011
1100011111111111111000001111111101111011000000000110011101111000001111101111111111111110011
1100011111111111111000001111111100111001000000000110111101111000001111101111111111111110011
1100011111111111111011111111111100100001000000000110000001100111111111100011111111111110011
1100011111111111111011111111111100100001000000000110000001100111111111100011111111111110011
1100011111111111100111111111111100011001000000000110111101100111111111110011111111111110011
1100001111111111100111111111111100011001000000000110111101100111111111110011111111111110011
0011000111111111100111111111111100111001000000000110111101100111111111110011111111111110011
0000100011111111100111111111111100110001000000000110000010011111111111110011111111111100011
0000100001111111100111111111111100100001000000000110000010011111111111110011111111111100011
0000011000111111100111111111111111011001000000000110110010011111111111110011111111110001100
0000011000111111100111111111111111011001000000000110110010011111111111110011111111110001100
0000000100000011100111111111111111011001000000000110110001111111111111110011111111100010000
0000000011000011100111111111111111011001111111111110110011111111111111100011111110001100000
0000000011000011100111111111111111011001111111111110110011111111111111100011111110001100000
0000000000110011100000111111111111000000000000000000000011111111111110000011000001110000000
0000000000110111100000111111111111000000000000000000000011111111111110000011000001110000000
0000000000001110000000001111111111000000001111111111000000000000000000001111000110000000000
0000000000000001110000000000000000111111111111111111111111111111111110001100111000000000000
0000000000000001111000000000000000111111111111111111111111111111111110001100111000000000000
